-10.8
  -13.9  -3.51 -3.51 -3.51 -5.1 -5.1 -5.1 -5.5 -5.5 -14.65
  -0.2670578158533806E+00  -0.2732661622850078E+00  -0.2732661622860716E+00  -0.2732661622860598E+00  -0.2586625738167581E+00  -0.2586625738166184E+00  -0.2586625738167802E+00  -0.2575692233276962E+00  -0.2575692233287848E+00  -0.2874784365032539E+00
  -0.2670578158533665E+00  -0.2732661622849861E+00  -0.2732661622860497E+00  -0.2732661622860058E+00  -0.2586625738168109E+00  -0.2586625738166580E+00  -0.2586625738168117E+00  -0.2575692233276257E+00  -0.2575692233287669E+00  -0.2874784365027919E+00
  -0.2670578158533102E+00  -0.2732661622844886E+00  -0.2732661622860018E+00  -0.2732661622859667E+00  -0.2586625738169145E+00  -0.2586625738165854E+00  -0.2586625738169162E+00  -0.2575692233275097E+00  -0.2575692233288357E+00  -0.2874784365028425E+00
  -0.2670578158533192E+00  -0.2732661622845144E+00  -0.2732661622859570E+00  -0.2732661622859708E+00  -0.2586625738169570E+00  -0.2586625738166112E+00  -0.2586625738169708E+00  -0.2575692233274313E+00  -0.2575692233288076E+00  -0.2874784365025568E+00
  -0.1886365087170740E+00  -0.1591035689652605E+00  -0.1591035689659325E+00  -0.1616433296681786E+00  -0.1701831649934417E+00  -0.1692942818539358E+00  -0.1692942818541872E+00  -0.1695599384559665E+00  -0.1690759195003939E+00  -0.1470510004659492E+00
  -0.1886365087170493E+00  -0.1591035689652556E+00  -0.1616433296681208E+00  -0.1591035689659216E+00  -0.1692942818542158E+00  -0.1692942818539351E+00  -0.1701831649934470E+00  -0.1691969242387071E+00  -0.1694389337172948E+00  -0.1470510004659261E+00
  -0.1886365087171792E+00  -0.1616433296682341E+00  -0.1591035689654555E+00  -0.1591035689654689E+00  -0.1692942818540165E+00  -0.1701831649935369E+00  -0.1692942818540068E+00  -0.1691969242393614E+00  -0.1694389337174754E+00  -0.1470510004660898E+00
  -0.1886365087170521E+00  -0.1591035689652462E+00  -0.1616433296681720E+00  -0.1591035689659378E+00  -0.1692942818542122E+00  -0.1692942818539489E+00  -0.1701831649934542E+00  -0.1691969242386951E+00  -0.1694389337172774E+00  -0.1470510004659334E+00
  -0.1886365087170447E+00  -0.1591035689652436E+00  -0.1591035689659135E+00  -0.1616433296681281E+00  -0.1701831649934635E+00  -0.1692942818539550E+00  -0.1692942818542389E+00  -0.1695599384559965E+00  -0.1690759195003737E+00  -0.1470510004658975E+00
  -0.1886365087171608E+00  -0.1616433296681753E+00  -0.1591035689653749E+00  -0.1591035689653773E+00  -0.1692942818540281E+00  -0.1701831649935516E+00  -0.1692942818540378E+00  -0.1691969242393340E+00  -0.1694389337175019E+00  -0.1470510004660494E+00
  -0.1886365087172465E+00  -0.1616433296682688E+00  -0.1591035689654723E+00  -0.1591035689654853E+00  -0.1692942818539903E+00  -0.1701831649935615E+00  -0.1692942818539803E+00  -0.1691969242393703E+00  -0.1694389337174479E+00  -0.1470510004660177E+00
  -0.1886365087170909E+00  -0.1591035689651216E+00  -0.1591035689658703E+00  -0.1616433296682060E+00  -0.1701831649932581E+00  -0.1692942818541596E+00  -0.1692942818539193E+00  -0.1695599384562138E+00  -0.1690759195003424E+00  -0.1470510004660997E+00
  -0.1886365087170721E+00  -0.1591035689651116E+00  -0.1616433296681538E+00  -0.1591035689658679E+00  -0.1692942818539486E+00  -0.1692942818541670E+00  -0.1701831649932558E+00  -0.1691969242390357E+00  -0.1694389337173305E+00  -0.1470510004660719E+00
  -0.1886365087170710E+00  -0.1591035689651036E+00  -0.1616433296682168E+00  -0.1591035689658815E+00  -0.1692942818539588E+00  -0.1692942818541755E+00  -0.1701831649932692E+00  -0.1691969242390163E+00  -0.1694389337173114E+00  -0.1470510004660715E+00
  -0.1886365087172293E+00  -0.1616433296682060E+00  -0.1591035689653967E+00  -0.1591035689654002E+00  -0.1692942818540041E+00  -0.1701831649935727E+00  -0.1692942818540147E+00  -0.1691969242393430E+00  -0.1694389337174540E+00  -0.1470510004660003E+00
  -0.1886365087170666E+00  -0.1591035689650934E+00  -0.1591035689658681E+00  -0.1616433296681815E+00  -0.1701831649932719E+00  -0.1692942818541786E+00  -0.1692942818539852E+00  -0.1695599384562487E+00  -0.1690759195003185E+00  -0.1470510004660547E+00
